0 23 36 67 21 20 90 48 34 53
23 0 2 17 38 67 36 42 47 48
36 2 0 16 39 46 35 41 47 72
67 17 16 0 38 41 19 29 34 56
21 38 39 38 0 5 38 17 13 31
20 67 46 41 5 0 46 24 16 33
90 36 35 19 38 46 0 24 27 40
48 42 41 29 17 24 24 0 5 31
34 31 47 34 13 16 27 5 0 18
53 48 72 56 31 33 40 31 18 0