0 21 34 45 56 67 78 89 90 101
21 0 11 22 33 44 55 66 77 88
34 11 0 13 24 35 46 57 68 79
45 22 13 0 15 26 37 48 59 70
56 33 24 15 0 17 28 39 50 61
67 44 35 26 17 0 11 22 33 44
78 55 46 37 28 11 0 13 24 35
89 66 57 48 39 22 13 0 11 22
90 77 68 59 50 33 24 11 0 13
101 88 79 70 61 44 35 22 13 0